1 22072
2 29757
3 14640
4 27097
5 28706
6 31853
7 20658
8 5564
9 22136
10 31423
11 22657
12 13626
13 1819
14 32580
15 1786
16 13643
17 26653
18 14003
19 30374
20 1856
21 31108
22 16685
23 26490
24 11371
25 27297
26 13224
27 4183
28 27131
29 11194
30 20794
31 14968
32 28193
33 31642
34 24223
35 16775
36 4167
37 18908
38 27863
39 5868
40 12045
41 18643
42 14333
43 30685
44 6548
45 12256
46 8139
47 209
48 1987
49 13106
50 9465
51 20935
52 22188
53 21082
54 19824
55 9068
56 6981
57 7539
58 1962
59 14473
60 29513
61 4758
62 7074
63 3648
64 7925
65 13487
66 27100
67 19955
68 3560
69 11324
70 21661
71 26268
72 6127
73 23894
74 28445
75 12486
76 24775
77 32200
78 26829
79 30649
80 9602
81 28615
82 32395
83 4298
84 7109
85 3206
86 17588
87 21109
88 22834
89 6734
90 9351
91 18863
92 19913
93 24692
94 6523
95 767
96 31495
97 9219
98 27061
99 19596
100 14762
101 9070
102 22139
103 14164
104 30085
105 11399
106 30151
107 30675
108 26873
109 15221
110 31981
111 825
112 15312
113 19475
114 2314
115 2456
116 12606
117 10916
118 7031
119 6743
120 21375
121 22230
122 20942
123 25161
124 27870
125 30464
126 30508
127 25640
128 23218
129 14873
130 839
131 24755
132 32372
133 15286
134 12262
135 19183
136 15699
137 15602
138 29320
139 4136
140 3188
141 23080
142 18224
143 17809
144 28300
145 6391
146 8065
147 17034
148 956
149 772
150 12929
151 27386
152 28539
153 24420
154 15769
155 4418
156 10330
157 14380
158 23729
159 7121
160 26080
161 23142
162 924
163 23652
164 14582
165 25213
166 4038
167 21347
168 7987
169 18552
170 28851
171 27530
172 4560
173 23910
174 32439
175 10141
176 23306
177 5060
178 25315
179 50
180 17895
181 15075
182 747
183 26760
184 31002
185 5303
186 28502
187 5217
188 18265
189 25338
190 2425
191 23870
192 2957
193 981
194 742
195 30028
196 4350
197 11778
198 9582
199 13579
200 3262
